version = 'MMult0';
MY_MMult = [
40 8.590604e-01 0.000000e+00 
80 8.677966e-01 0.000000e+00 
120 8.747153e-01 0.000000e+00 
160 2.007351e+00 0.000000e+00 
200 2.007780e+00 0.000000e+00 
240 2.028467e+00 0.000000e+00 
280 2.049195e+00 0.000000e+00 
320 2.072612e+00 0.000000e+00 
360 2.071436e+00 0.000000e+00 
400 2.049312e+00 0.000000e+00 
440 2.004707e+00 0.000000e+00 
480 1.413343e+00 0.000000e+00 
520 1.015712e+00 0.000000e+00 
560 5.928026e-01 0.000000e+00 
600 4.275501e-01 0.000000e+00 
640 3.579488e-01 0.000000e+00 
680 3.272964e-01 0.000000e+00 
720 3.113764e-01 0.000000e+00 
760 3.112004e-01 0.000000e+00 
800 3.108034e-01 0.000000e+00 
];
