version = 'MMult_4x4_15';
MY_MMult = [
40 9.142857e+00 2.664535e-15 
80 1.013861e+01 9.769963e-15 
120 1.056881e+01 1.065814e-14 
160 1.006388e+01 1.421085e-14 
200 1.120448e+01 1.776357e-14 
240 1.067490e+01 2.309264e-14 
280 1.127189e+01 3.907985e-14 
320 1.139360e+01 3.907985e-14 
360 1.154423e+01 4.618528e-14 
400 1.150045e+01 4.796163e-14 
440 1.110902e+01 5.151435e-14 
480 1.112875e+01 7.815970e-14 
520 1.132292e+01 7.815970e-14 
560 1.141290e+01 8.171241e-14 
600 1.145858e+01 7.815970e-14 
640 1.148797e+01 9.947598e-14 
680 1.149996e+01 8.526513e-14 
720 1.155567e+01 8.171241e-14 
760 1.146511e+01 9.237056e-14 
800 1.136868e+01 9.947598e-14 
];
